hello
0, 0, 4, 4
0, 0, 22, 20
hello
0, 0, 3, 4
0, 0, 21, 20
hello
0, 0, 4, 3
0, 0, 22, 19
hello
0, 0, 0, 4
0, 0, 0, 21
hello
0, 0, 0, 4
0, 0, 0, 22
hello
5, 2, 4, 0
10, 6, 10, 0
hello
0, 0, 3, 4
0, 0, 22, 21
hello
0, 0, 0, 4
0, 0, 0, 21
hello
0, 0, 4, 4
0, 0, 22, 21
hello
0, 0, 0, 4
0, 0, 0, 22
hello
4, 2, 0, 0
3, 2, 0, 0
hello
5, 1, 0, 0
3, 2, 0, 0
hello
4, 1, 4, 0
10, 6, 10, 0
hello
4, 2, 4, 0
5, 10, 10, 0
hello
5, 5, 0, 3
10, 10, 0, 10
hello
7, 3, 0, 4
10, 10, 0, 10
hello
0, 0, 2, 4
0, 0, 10, 10
hello
0, 0, 0, 4
0, 0, 0, 23
hello
0, 0, 0, 4
0, 0, 0, 20
hello
0, 0, 4, 2
0, 0, 17, 11
hello
5, 3, 0, 0
4, 3, 0, 0
hello
6, 5, 4, 0
10, 10, 10, 0
hello
6, 3, 0, 0
14, 12, 0, 0
hello
0, 0, 5, 2
0, 0, 10, 9
hello
0, 0, 5, 4
0, 0, 22, 21
hello
0, 0, 0, 4
0, 0, 0, 22
hello
0, 0, 4, 4
0, 0, 23, 20
hello
0, 0, 0, 4
0, 0, 0, 28
